$ 1 0.000005 10.20027730826997 50 5 43 5e-11
g 512 256 544 256 0 0
w 480 272 512 256 0
w 480 240 512 256 0
w 368 256 400 272 0
w 368 256 400 240 0
r 432 272 400 272 0 220
r 432 240 400 240 0 220
162 432 272 480 272 2 default-led 1 0 0 0.01
162 432 240 480 240 2 default-led 1 0 0 0.01
w 272 384 208 384 0
w 304 384 272 384 0
w 336 384 304 384 0
g 272 384 272 416 0 0
c 304 352 304 384 0 1e-8 6.89e-321 0.001
w 336 352 336 384 0
r 208 128 208 224 0 220
w 224 320 208 320 0
w 240 320 224 320 0
w 224 288 224 320 0
w 240 288 224 288 0
w 208 96 208 128 0
w 304 96 208 96 0
w 368 128 208 128 0
w 368 224 368 128 0
w 240 224 208 224 0
w 304 96 304 160 0
R 160 0 96 0 0 0 40 5 0 0 0.5
165 240 192 336 192 6 0
S 160 0 240 0 0 1 false 2 3
r 80 352 80 448 0 220
r 144 352 144 384 0 220
r 144 384 144 448 0 220
S -64 480 32 480 0 1 false 2 3
w 144 336 144 352 0
w 144 448 32 496 0
w -64 480 -64 528 0
w -64 528 160 512 0
w 160 512 176 320 0
w 176 320 208 320 0
w 240 -16 304 96 0
w 240 16 304 96 0
w 32 464 80 448 0
w 144 336 112 336 0
w 112 336 80 352 0
w 208 224 112 336 0
209 208 320 208 384 0 0.00001 3.170520267671337 0.001 1
